10.4533791542 50.238335316 1194.30708885
10.5435299873 72.6168068426 826.255003611
10.6383550167 69.9412094342 857.863346736
10.7308440208 67.5148774685 888.693014781
10.8186240196 65.3628225633 917.953014374
10.9090931416 63.2838370099 948.109388351
10.9993951321 61.3365195811 978.210051854
11.0948801041 59.4036834979 1010.03837585
11.1904411316 57.5875398054 1041.8920517
11.2770979404 56.0340419316 1070.77765465
11.3712460995 54.4385385265 1102.16037432
11.4658651352 52.9240515132 1133.7000529
11.5620720387 51.4681715964 1165.76902072
11.6565520763 50.1143288833 1197.26236661
11.7473261356 65.1720337094 920.640289783
11.8343360424 63.6677212882 942.392766476
11.92892313 77.6365738875 772.831630707
12.0199151039 75.8504709899 791.030025482
12.1108281612 74.1461480709 809.212636948
12.2065279484 72.43292338 828.352594376
12.2928090096 70.9547955638 845.60880661
12.3853750229 69.4346392706 864.122009277
12.4791059494 54.3682514498 1103.58524323
12.5699510574 53.2719394246 1126.29652023
12.6662170887 52.1574481594 1150.36302805
12.7501821518 51.2227601131 1171.35429382
12.8490099907 50.1646548804 1196.06125355
12.9488070011 73.7094394737 814.007004102
13.0436019897 72.3060423634 829.806168874
13.139300108 70.9424589 845.755855242
13.2299029827 69.6980408979 860.856334368
13.3161120415 68.5538387667 875.224510829
13.4124331474 67.3190610362 891.278028488
13.5041570663 55.1532220963 1087.87841797
13.5989880562 54.208150933 1106.84461594
13.6887719631 53.3427502337 1124.80139732
13.7771401405 52.5175590513 1142.47503281
13.8726410866 51.6539943887 1161.57522202
13.9593160152 50.8944613471 1178.91020775
14.0555551052 50.0768669165 1198.15802574
14.1428141594 69.1011190206 868.292740413
14.229831934 68.1257807737 880.723851068
14.3273210526 67.0652677437 894.650868007
14.4231851101 56.6178378334 1059.73668893
14.5145411491 55.8158904067 1074.96269544
14.6026329994 55.0638218358 1089.64467049
14.6957731247 54.2903872163 1105.1680247
14.788985014 53.5378078044 1120.70333958
14.8844959736 52.7880058838 1136.62183285
14.9807310104 52.0534655945 1152.66100566
15.0664060116 51.4165176701 1166.94017251
15.1617870331 50.7255010806 1182.83700943
15.258382082 50.0443649865 1198.93618425
15.349697113 57.6532481193 1040.70459093
15.4409921169 56.9396782399 1053.74673435
15.529515028 56.2644424934 1066.3928645
15.6241221428 55.5602798969 1079.90816661
15.7149610519 54.9005536405 1092.88515363
15.808604002 54.2366646075 1106.26271793
15.9003491402 53.601619385 1119.36916624
15.9823660851 53.0463702631 1131.08587265
16.0708761215 52.4599262229 1143.73016357
16.1674880981 51.8344257473 1157.53187452
16.2643389702 51.222173289 1171.36771338
16.3506541252 50.6885854327 1183.69844982
16.4462239742 50.110607248 1197.35128539
16.5364830494 56.6591092704 1058.96475911
16.636947155 55.9950768667 1071.52277231
16.7341010571 55.367561661 1083.66701007
16.8320040703 54.7492768094 1095.90488672
16.9254391193 54.1719503801 1107.58426785
17.0129261017 53.6423063113 1118.52014065
17.1048560143 53.0968104188 1130.01137972
17.1977910995 52.5565123249 1141.62826538
17.288697958 52.038539413 1152.99162269
17.3892841339 51.4771852464 1165.56489468
17.4710969925 51.0294553907 1175.791502
17.5667440891 50.5157919535 1187.74738908
17.670124054 56.2186166749 1067.26211972
17.7659630775 55.6632278174 1077.91090012
17.8531160355 55.1676167668 1087.59456211
17.951791048 54.6170300444 1098.55845239
18.0527889729 54.0647479619 1109.78044404
18.1507360935 53.5397131059 1120.66345745
18.2489261627 53.0235127004 1131.57346514
18.3356399536 52.5758517364 1141.20833079
18.42674613 52.1135863887 1151.33123928
18.5176050663 51.6606008856 1161.42667664
18.6180710793 51.1687991178 1172.58956697
18.7222590446 50.668571481 1184.16600757
18.8184700012 55.7947236437 1075.37050247
18.9149949551 55.2983670563 1085.02299786
19.0067579746 54.8346174324 1094.19929981
19.0976929665 54.3826625666 1103.292799
19.1839849949 53.9606194506 1111.92200184
19.2846679688 53.4763981841 1121.99029922
19.3793449402 53.0289239128 1131.45799637
19.4747841358 52.5853630588 1141.00191593
19.5666999817 52.1651356689 1150.19350052
19.6532070637 51.7757258039 1158.84420872
19.7456960678 51.365768303 1168.09310913
19.8375849724 56.0613345172 1070.25636326
19.935781002 55.597599951 1079.18327505
20.0339109898 55.1417786423 1088.10418302
20.1361999512 54.6745272111 1097.40317952
20.2314031124 54.2467025506 1106.05801236
20.3214111328 53.8483359626 1114.24055966
20.4148859978 53.4407718648 1122.73827466
20.5060999393 53.0489695817 1131.03045117
20.6035680771 52.6366029282 1139.89119096
20.6995990276 52.2365388678 1148.62127738
20.7903311253 51.8640972264 1156.86964989
20.882502079 56.1721616103 1068.14475854
20.9707460403 55.7880874331 1075.49842199
21.0663690567 55.3777822766 1083.46700668
21.1539621353 55.0071934332 1090.7664299
21.2481811047 54.6140691457 1098.61801068
21.3343639374 54.2593639885 1105.79991341
21.4304671288 53.8692237638 1113.80851269
21.5228590965 53.4994029302 1121.50784334
21.6159219742 53.1319945687 1129.26308314
21.7034890652 52.7908619105 1136.56034072
21.7983620167 52.4261777809 1144.46642001
21.8913800716 52.0734825585 1152.21792459
21.9894721508 56.0155405953 1071.1313211
22.0849821568 55.6339456067 1078.47824463
22.1876630783 55.2294574653 1086.37677706
22.2786090374 54.876076919 1093.37262007
22.3667631149 54.5378339761 1100.15370296
22.4683051109 54.1533534617 1107.96462573
22.5653569698 53.7909073201 1115.43015333
22.6542000771 53.4633448536 1122.2642385
22.7495689392 53.1161329753 1129.60030482
22.8446531296 52.7744183123 1136.91447331
22.9335939884 52.4587376299 1143.75607784
23.0230009556 56.1563543438 1068.44542708
23.1132831573 55.8194494571 1074.89415577
23.2107901573 55.4600953037 1081.85894149
23.3026151657 55.1258864977 1088.41787066
23.3997881413 54.776571967 1095.35879748
23.4903609753 54.454946186 1101.82828563
23.5814399719 54.1353092881 1108.33392824
23.6729471684 53.8179263719 1114.87015656
23.7699661255 53.4854658677 1121.80008207
23.8708441257 53.1441094321 1129.00565352
23.9706830978 52.8105321297 1136.13700867
24.0707409382 56.2289986037 1067.06506411
24.1725389957 55.8736420641 1073.85160128
24.2684521675 55.5429137449 1080.24581273
24.3534989357 55.2529129799 1085.91559728
24.4518499374 54.9212994346 1092.47233073
24.551003933 54.5909835698 1099.0825971
24.6365311146 54.3092385266 1104.78440921
24.7323949337 53.9968791191 1111.17533048
24.822188139 53.7075415041 1117.16154416
24.9177680016 53.4029453779 1123.533535
25.0228331089 53.0720830329 1130.53787549
25.1221899986 56.2804760247 1066.08906388
25.2177641392 55.966888991 1072.06244767
25.3045661449 55.6850969811 1077.48757303
25.4051539898 55.3620797817 1083.77431333
25.5043799877 55.0470867265 1089.9759382
25.6036350727 54.7355670425 1096.17938101
25.703412056 54.4259429691 1102.41544247
25.8032250404 54.1196922698 1108.653754
25.9065430164 53.806296539 1115.1111275
26.0054321289 53.5097157672 1121.29169703
26.1046171188 53.2155137651 1127.4907589
26.2010641098 56.2408015275 1066.84112549
26.2863590717 55.9775393234 1071.85847619
26.3819260597 55.6854850687 1077.48006372
26.4741899967 55.406401823 1082.90735413
26.5685861111 55.1237494452 1088.46006674
26.668612957 54.8273669549 1094.34399885
26.7693350315 54.5321275496 1100.26882677
26.869697094 54.2410891796 1106.1724775
26.9722850323 53.9467892665 1112.2070621
27.0713610649 53.6655798469 1118.03506402
27.1733620167 53.3791150578 1124.03512001
27.2713849545 56.2306122181 1067.03444322
27.3743829727 55.9306766302 1072.75655535
27.4675970078 55.6619775021 1077.93511285
27.5606060028 55.3964303742 1083.10227924
27.6531839371 55.1346181728 1088.24549781
27.7532031536 54.8545288501 1093.80212095
27.8534910679 54.5765298389 1099.37367174
27.9530930519 54.3032071829 1104.9071153
28.0557291508 54.0244077567 1110.60912079
28.1532709599 53.7620866826 1116.02811019
28.2555170059 53.4898352685 1121.70844608
28.3532669544 56.1894614615 1067.81589357
28.4549081326 55.9093671523 1073.16542927
28.5550761223 55.6360511995 1078.43742873
28.6548161507 55.3665452483 1083.6869039
28.7542190552 55.1005355513 1088.91863572
28.8566710949 54.8290278683 1094.31084834
28.9558069706 54.568843446 1099.528526
29.0521349907 54.3183828764 1104.5984218
29.1448819637 54.0793962714 1109.47984143
29.2356541157 53.8475258411 1114.25732311
29.3401091099 53.5831520681 1119.75495439
29.438740015 56.1430430155 1068.69875193
29.5378689766 55.883862901 1073.6552
29.6371729374 55.6266135044 1078.62039804
29.738713026 55.3660088719 1083.69740248
29.8404979706 55.1072150052 1088.7866497
29.9397940636 54.857069914 1093.75145435
30.0416610241 54.6027972923 1098.84480238
30.1406559944 54.3579418392 1103.7945509
30.2376041412 54.120268094 1108.64195824
30.3397071362 53.8721937592 1113.74710798
30.4391610622 53.6327324948 1118.71980429
30.5348200798 53.4044084219 1123.50275517
30.6288981438 55.8408333553 1074.48253177
30.7204301357 55.6152287362 1078.84119806
30.8216810226 55.3677834661 1083.66266886
30.9216210842 55.1256915677 1088.42171941
31.020637989 54.8879147097 1093.13681012
31.1237721443 54.6424219755 1098.04796037
31.2181200981 54.4197587512 1102.54072008
31.3053460121 54.215511999 1106.69433503
31.399764061 53.9961452511 1111.19043259
31.491767168 53.7840902433 1115.57153293
31.5926561356 53.553460932 1120.37576948
31.6885919571 53.5541126999 1120.36213421
31.7885870934 56.093939211 1069.634275
31.8865799904 56.0851281217 1069.80231675
31.9898581505 56.0760670547 1069.97518106
32.0899209976 56.0682926975 1070.12354244
32.1871430874 56.0563752565 1070.35104795
32.2872371674 56.013790821 1071.1647814
32.3835959435 53.4485857602 1122.57413637
32.4731030464 53.4587290862 1122.36113775
32.5734331608 53.4380442635 1122.79558182
32.671612978 53.4160996259 1123.25685365
32.7726070881 53.4097846141 1123.38966415
32.8731510639 55.9410780681 1072.55709171
32.9744660854 55.9253170195 1072.85936312
33.0720250607 55.9100148369 1073.15299728
33.1739859581 55.8699700736 1073.92217896
33.2710671425 55.8545629226 1074.21841405
33.3735251427 55.8328112404 1074.63691451
33.4734489918 55.7912245715 1075.43794675
33.5738050938 53.2424797819 1126.91971234
33.6701459885 53.2409838135 1126.9513766
33.7703750134 53.2249839814 1127.29014669
33.8581211567 53.2220589487 1127.35210146
33.9530940056 53.2110435149 1127.58547919
34.0600891113 55.7046804244 1077.10877332
34.1608080864 55.6787496348 1077.61040601
34.25704813 55.6644523203 1077.8871883
34.3650660515 55.6335009123 1078.48686522
34.4563839436 55.6362470275 1078.43363285
34.5610721111 55.5966257107 1079.20218598
34.6572461128 53.0567577834 1130.8644272
34.753303051 53.0439035253 1131.13847233
34.8416581154 53.0598298177 1130.79895292
34.9389791489 53.0558975497 1130.88276273
35.0371110439 53.0302737845 1131.4291954
35.1247811317 53.0447362167 1131.12071582
35.223129034 55.5619538353 1079.87563177
35.3224320412 55.5547138116 1080.01636375
35.4184491634 55.5511201467 1080.08623123
35.5108151436 55.5473987662 1080.15859127
35.6135449409 55.5106776526 1080.87313175
35.7073230743 52.9892676947 1132.30475925
35.809677124 52.9639598301 1132.84581048
35.9067461491 52.9502581344 1133.1389518
36.0082550049 52.9373350517 1133.41557412
36.1059770584 52.9119014074 1133.96038328
